1 0 6
2 1 9
3 2 9
4 3 9
5 4 1
6 5 2
7 6 9
8 7 2
9 8 1
10 9 9
11 10 6
12 11 6
13 12 9
14 13 3
15 14 9
16 15 1
17 16 6
18 17 1
19 18 9
20 19 2
21 20 6
22 21 1
23 22 2
24 23 2
25 24 1
26 25 3
27 26 6
28 27 6
29 28 3
30 29 2
31 30 9
32 31 6
33 32 9
34 33 2
35 34 1
36 35 1
37 36 2
38 37 2
39 38 2
40 39 9
41 40 2
42 41 1
43 42 1
44 43 9
45 44 6
46 45 3
47 46 6
48 47 1
49 48 3
50 49 9
51 50 6
52 51 3
53 52 9
54 53 1
55 54 3
56 55 9
57 56 6
58 57 2
59 58 1
60 59 3
61 60 3
62 61 9
63 62 1
64 63 2
65 64 2
66 65 1
67 66 2
68 67 1
69 68 9
70 69 3
71 70 1
72 71 1
73 72 1
74 73 3
75 74 9
76 75 2
77 76 1
78 77 6
79 78 9
80 79 1
81 80 9
82 81 2
83 82 2
84 83 2
85 84 6
86 85 6
87 86 9
88 87 3
89 88 2
90 89 9
91 90 2
92 91 3
93 92 6
94 93 6
95 94 2
96 95 2
97 96 1
98 97 9
99 98 1
100 99 1
101 100 3
102 101 6
103 102 3
104 103 1
105 104 3
106 105 9
107 106 9
108 107 2
109 108 2
110 109 6
111 110 9
112 111 9
113 112 3
114 113 3
115 114 9
116 115 1
117 116 2
118 117 6
119 118 9
120 119 2
